{
 "cells": [
  {
   "cell_type": "markdown",
   "metadata": {},
   "source": [
    "### **MATH 4042U Project 1 - Principal Component Analysis on NBA Statistics**"
   ]
  },
  {
   "cell_type": "markdown",
   "metadata": {},
   "source": [
    "#### **1. Choosing your dataset.**\n",
    "\n",
    "The dataset I chose to apply principal component analysis on is an NBA player statistics dataset from the 2023-2024 season. I chose this dataset for a few reasons:\n",
    "1) I have done an exploratory data analysis on a similar dataset for a previous class, and I love continuing exploration on a dataset to get the absolute most out of it. Previously, I found basic linear trends between two feautures/variables.\n",
    "2) Basketball is a great passion of mine. I have played basketball my whole life, so I find it fascinating now that after all of these years, I am able to analyze relationships and trends with a variety of techniques. \n",
    "3) It's a very good dataset due to its size (number of players and number of feautures) and the type of data it contains -- most is numeric, but we have a few categorical variables such as team and position. \n",
    "\n",
    "I think PCA will provide some interesting insights to this data. If you think about what PCA will do with this dataset, it essentially will start with the mean vector, which in this case is the average NBA player (average points per game, average number of games played, etc.), then see how much each player varies from the average player (represented by the principal components). At first, I will apply PCA to the original dataset, then, based on my results, I may filter the data by position, then apply PCA again. The reason for this is that, an average NBA player won't provide too much significance, as each position varies in what their role is on the court. For example, on average, a point guard (PG) will have more assists than a center (C), and moreover, a center will have more rebounds than a point guard. Therefore, it may be beneficial if we filter based on the players' position, but let's find out! "
   ]
  },
  {
   "cell_type": "code",
   "execution_count": 2,
   "metadata": {},
   "outputs": [
    {
     "data": {
      "text/html": [
       "<div>\n",
       "<style scoped>\n",
       "    .dataframe tbody tr th:only-of-type {\n",
       "        vertical-align: middle;\n",
       "    }\n",
       "\n",
       "    .dataframe tbody tr th {\n",
       "        vertical-align: top;\n",
       "    }\n",
       "\n",
       "    .dataframe thead th {\n",
       "        text-align: right;\n",
       "    }\n",
       "</style>\n",
       "<table border=\"1\" class=\"dataframe\">\n",
       "  <thead>\n",
       "    <tr style=\"text-align: right;\">\n",
       "      <th></th>\n",
       "      <th>Rk</th>\n",
       "      <th>Player</th>\n",
       "      <th>Pos</th>\n",
       "      <th>Age</th>\n",
       "      <th>Tm</th>\n",
       "      <th>G</th>\n",
       "      <th>GS</th>\n",
       "      <th>MP</th>\n",
       "      <th>FG</th>\n",
       "      <th>FGA</th>\n",
       "      <th>...</th>\n",
       "      <th>FT%</th>\n",
       "      <th>ORB</th>\n",
       "      <th>DRB</th>\n",
       "      <th>TRB</th>\n",
       "      <th>AST</th>\n",
       "      <th>STL</th>\n",
       "      <th>BLK</th>\n",
       "      <th>TOV</th>\n",
       "      <th>PF</th>\n",
       "      <th>PTS</th>\n",
       "    </tr>\n",
       "  </thead>\n",
       "  <tbody>\n",
       "    <tr>\n",
       "      <th>0</th>\n",
       "      <td>1</td>\n",
       "      <td>Precious Achiuwa</td>\n",
       "      <td>PF-C</td>\n",
       "      <td>24</td>\n",
       "      <td>TOT</td>\n",
       "      <td>74</td>\n",
       "      <td>18</td>\n",
       "      <td>21.9</td>\n",
       "      <td>3.2</td>\n",
       "      <td>6.3</td>\n",
       "      <td>...</td>\n",
       "      <td>0.616</td>\n",
       "      <td>2.6</td>\n",
       "      <td>4.0</td>\n",
       "      <td>6.6</td>\n",
       "      <td>1.3</td>\n",
       "      <td>0.6</td>\n",
       "      <td>0.9</td>\n",
       "      <td>1.1</td>\n",
       "      <td>1.9</td>\n",
       "      <td>7.6</td>\n",
       "    </tr>\n",
       "    <tr>\n",
       "      <th>1</th>\n",
       "      <td>1</td>\n",
       "      <td>Precious Achiuwa</td>\n",
       "      <td>C</td>\n",
       "      <td>24</td>\n",
       "      <td>TOR</td>\n",
       "      <td>25</td>\n",
       "      <td>0</td>\n",
       "      <td>17.5</td>\n",
       "      <td>3.1</td>\n",
       "      <td>6.8</td>\n",
       "      <td>...</td>\n",
       "      <td>0.571</td>\n",
       "      <td>2.0</td>\n",
       "      <td>3.4</td>\n",
       "      <td>5.4</td>\n",
       "      <td>1.8</td>\n",
       "      <td>0.6</td>\n",
       "      <td>0.5</td>\n",
       "      <td>1.2</td>\n",
       "      <td>1.6</td>\n",
       "      <td>7.7</td>\n",
       "    </tr>\n",
       "    <tr>\n",
       "      <th>2</th>\n",
       "      <td>1</td>\n",
       "      <td>Precious Achiuwa</td>\n",
       "      <td>PF</td>\n",
       "      <td>24</td>\n",
       "      <td>NYK</td>\n",
       "      <td>49</td>\n",
       "      <td>18</td>\n",
       "      <td>24.2</td>\n",
       "      <td>3.2</td>\n",
       "      <td>6.1</td>\n",
       "      <td>...</td>\n",
       "      <td>0.643</td>\n",
       "      <td>2.9</td>\n",
       "      <td>4.3</td>\n",
       "      <td>7.2</td>\n",
       "      <td>1.1</td>\n",
       "      <td>0.6</td>\n",
       "      <td>1.1</td>\n",
       "      <td>1.1</td>\n",
       "      <td>2.1</td>\n",
       "      <td>7.6</td>\n",
       "    </tr>\n",
       "    <tr>\n",
       "      <th>3</th>\n",
       "      <td>2</td>\n",
       "      <td>Bam Adebayo</td>\n",
       "      <td>C</td>\n",
       "      <td>26</td>\n",
       "      <td>MIA</td>\n",
       "      <td>71</td>\n",
       "      <td>71</td>\n",
       "      <td>34.0</td>\n",
       "      <td>7.5</td>\n",
       "      <td>14.3</td>\n",
       "      <td>...</td>\n",
       "      <td>0.755</td>\n",
       "      <td>2.2</td>\n",
       "      <td>8.1</td>\n",
       "      <td>10.4</td>\n",
       "      <td>3.9</td>\n",
       "      <td>1.1</td>\n",
       "      <td>0.9</td>\n",
       "      <td>2.3</td>\n",
       "      <td>2.2</td>\n",
       "      <td>19.3</td>\n",
       "    </tr>\n",
       "    <tr>\n",
       "      <th>4</th>\n",
       "      <td>3</td>\n",
       "      <td>Ochai Agbaji</td>\n",
       "      <td>SG</td>\n",
       "      <td>23</td>\n",
       "      <td>TOT</td>\n",
       "      <td>78</td>\n",
       "      <td>28</td>\n",
       "      <td>21.0</td>\n",
       "      <td>2.3</td>\n",
       "      <td>5.6</td>\n",
       "      <td>...</td>\n",
       "      <td>0.661</td>\n",
       "      <td>0.9</td>\n",
       "      <td>1.8</td>\n",
       "      <td>2.8</td>\n",
       "      <td>1.1</td>\n",
       "      <td>0.6</td>\n",
       "      <td>0.6</td>\n",
       "      <td>0.8</td>\n",
       "      <td>1.5</td>\n",
       "      <td>5.8</td>\n",
       "    </tr>\n",
       "    <tr>\n",
       "      <th>...</th>\n",
       "      <td>...</td>\n",
       "      <td>...</td>\n",
       "      <td>...</td>\n",
       "      <td>...</td>\n",
       "      <td>...</td>\n",
       "      <td>...</td>\n",
       "      <td>...</td>\n",
       "      <td>...</td>\n",
       "      <td>...</td>\n",
       "      <td>...</td>\n",
       "      <td>...</td>\n",
       "      <td>...</td>\n",
       "      <td>...</td>\n",
       "      <td>...</td>\n",
       "      <td>...</td>\n",
       "      <td>...</td>\n",
       "      <td>...</td>\n",
       "      <td>...</td>\n",
       "      <td>...</td>\n",
       "      <td>...</td>\n",
       "      <td>...</td>\n",
       "    </tr>\n",
       "    <tr>\n",
       "      <th>730</th>\n",
       "      <td>568</td>\n",
       "      <td>Thaddeus Young</td>\n",
       "      <td>PF</td>\n",
       "      <td>35</td>\n",
       "      <td>PHO</td>\n",
       "      <td>10</td>\n",
       "      <td>0</td>\n",
       "      <td>8.9</td>\n",
       "      <td>1.1</td>\n",
       "      <td>2.1</td>\n",
       "      <td>...</td>\n",
       "      <td>0.333</td>\n",
       "      <td>1.7</td>\n",
       "      <td>1.1</td>\n",
       "      <td>2.8</td>\n",
       "      <td>0.7</td>\n",
       "      <td>0.5</td>\n",
       "      <td>0.2</td>\n",
       "      <td>0.4</td>\n",
       "      <td>1.1</td>\n",
       "      <td>2.3</td>\n",
       "    </tr>\n",
       "    <tr>\n",
       "      <th>731</th>\n",
       "      <td>569</td>\n",
       "      <td>Trae Young</td>\n",
       "      <td>PG</td>\n",
       "      <td>25</td>\n",
       "      <td>ATL</td>\n",
       "      <td>54</td>\n",
       "      <td>54</td>\n",
       "      <td>36.0</td>\n",
       "      <td>8.0</td>\n",
       "      <td>18.7</td>\n",
       "      <td>...</td>\n",
       "      <td>0.855</td>\n",
       "      <td>0.4</td>\n",
       "      <td>2.3</td>\n",
       "      <td>2.8</td>\n",
       "      <td>10.8</td>\n",
       "      <td>1.3</td>\n",
       "      <td>0.2</td>\n",
       "      <td>4.4</td>\n",
       "      <td>2.0</td>\n",
       "      <td>25.7</td>\n",
       "    </tr>\n",
       "    <tr>\n",
       "      <th>732</th>\n",
       "      <td>570</td>\n",
       "      <td>Omer Yurtseven</td>\n",
       "      <td>C</td>\n",
       "      <td>25</td>\n",
       "      <td>UTA</td>\n",
       "      <td>48</td>\n",
       "      <td>12</td>\n",
       "      <td>11.4</td>\n",
       "      <td>2.1</td>\n",
       "      <td>3.8</td>\n",
       "      <td>...</td>\n",
       "      <td>0.679</td>\n",
       "      <td>1.5</td>\n",
       "      <td>2.8</td>\n",
       "      <td>4.3</td>\n",
       "      <td>0.6</td>\n",
       "      <td>0.2</td>\n",
       "      <td>0.4</td>\n",
       "      <td>0.8</td>\n",
       "      <td>1.1</td>\n",
       "      <td>4.6</td>\n",
       "    </tr>\n",
       "    <tr>\n",
       "      <th>733</th>\n",
       "      <td>571</td>\n",
       "      <td>Cody Zeller</td>\n",
       "      <td>C</td>\n",
       "      <td>31</td>\n",
       "      <td>NOP</td>\n",
       "      <td>43</td>\n",
       "      <td>0</td>\n",
       "      <td>7.4</td>\n",
       "      <td>0.6</td>\n",
       "      <td>1.4</td>\n",
       "      <td>...</td>\n",
       "      <td>0.605</td>\n",
       "      <td>1.1</td>\n",
       "      <td>1.5</td>\n",
       "      <td>2.6</td>\n",
       "      <td>0.9</td>\n",
       "      <td>0.2</td>\n",
       "      <td>0.1</td>\n",
       "      <td>0.4</td>\n",
       "      <td>1.0</td>\n",
       "      <td>1.8</td>\n",
       "    </tr>\n",
       "    <tr>\n",
       "      <th>734</th>\n",
       "      <td>572</td>\n",
       "      <td>Ivica Zubac</td>\n",
       "      <td>C</td>\n",
       "      <td>26</td>\n",
       "      <td>LAC</td>\n",
       "      <td>68</td>\n",
       "      <td>68</td>\n",
       "      <td>26.4</td>\n",
       "      <td>5.0</td>\n",
       "      <td>7.6</td>\n",
       "      <td>...</td>\n",
       "      <td>0.723</td>\n",
       "      <td>2.9</td>\n",
       "      <td>6.3</td>\n",
       "      <td>9.2</td>\n",
       "      <td>1.4</td>\n",
       "      <td>0.3</td>\n",
       "      <td>1.2</td>\n",
       "      <td>1.2</td>\n",
       "      <td>2.6</td>\n",
       "      <td>11.7</td>\n",
       "    </tr>\n",
       "  </tbody>\n",
       "</table>\n",
       "<p>735 rows × 30 columns</p>\n",
       "</div>"
      ],
      "text/plain": [
       "      Rk            Player   Pos  Age   Tm   G  GS    MP   FG   FGA  ...  \\\n",
       "0      1  Precious Achiuwa  PF-C   24  TOT  74  18  21.9  3.2   6.3  ...   \n",
       "1      1  Precious Achiuwa     C   24  TOR  25   0  17.5  3.1   6.8  ...   \n",
       "2      1  Precious Achiuwa    PF   24  NYK  49  18  24.2  3.2   6.1  ...   \n",
       "3      2       Bam Adebayo     C   26  MIA  71  71  34.0  7.5  14.3  ...   \n",
       "4      3      Ochai Agbaji    SG   23  TOT  78  28  21.0  2.3   5.6  ...   \n",
       "..   ...               ...   ...  ...  ...  ..  ..   ...  ...   ...  ...   \n",
       "730  568    Thaddeus Young    PF   35  PHO  10   0   8.9  1.1   2.1  ...   \n",
       "731  569        Trae Young    PG   25  ATL  54  54  36.0  8.0  18.7  ...   \n",
       "732  570    Omer Yurtseven     C   25  UTA  48  12  11.4  2.1   3.8  ...   \n",
       "733  571       Cody Zeller     C   31  NOP  43   0   7.4  0.6   1.4  ...   \n",
       "734  572       Ivica Zubac     C   26  LAC  68  68  26.4  5.0   7.6  ...   \n",
       "\n",
       "       FT%  ORB  DRB   TRB   AST  STL  BLK  TOV   PF   PTS  \n",
       "0    0.616  2.6  4.0   6.6   1.3  0.6  0.9  1.1  1.9   7.6  \n",
       "1    0.571  2.0  3.4   5.4   1.8  0.6  0.5  1.2  1.6   7.7  \n",
       "2    0.643  2.9  4.3   7.2   1.1  0.6  1.1  1.1  2.1   7.6  \n",
       "3    0.755  2.2  8.1  10.4   3.9  1.1  0.9  2.3  2.2  19.3  \n",
       "4    0.661  0.9  1.8   2.8   1.1  0.6  0.6  0.8  1.5   5.8  \n",
       "..     ...  ...  ...   ...   ...  ...  ...  ...  ...   ...  \n",
       "730  0.333  1.7  1.1   2.8   0.7  0.5  0.2  0.4  1.1   2.3  \n",
       "731  0.855  0.4  2.3   2.8  10.8  1.3  0.2  4.4  2.0  25.7  \n",
       "732  0.679  1.5  2.8   4.3   0.6  0.2  0.4  0.8  1.1   4.6  \n",
       "733  0.605  1.1  1.5   2.6   0.9  0.2  0.1  0.4  1.0   1.8  \n",
       "734  0.723  2.9  6.3   9.2   1.4  0.3  1.2  1.2  2.6  11.7  \n",
       "\n",
       "[735 rows x 30 columns]"
      ]
     },
     "metadata": {},
     "output_type": "display_data"
    }
   ],
   "source": [
    "# importing my libraries\n",
    "import pandas as pd\n",
    "import numpy as np\n",
    "import matplotlib.pyplot as plt\n",
    "from mpl_toolkits.mplot3d import Axes3D\n",
    "from IPython.display import display\n",
    "from sklearn.decomposition import PCA\n",
    "from sklearn.preprocessing import StandardScaler\n",
    "\n",
    "\n",
    "# importing dataset from kaggle (https://www.kaggle.com/datasets/vivovinco/2023-2024-nba-player-stats?resource=download)\n",
    "data = pd.read_csv(\"regular_player_stats.csv\", sep = \";\", encoding=\"ISO-8859-1\")\n",
    "display(data) # 735 x 30"
   ]
  },
  {
   "cell_type": "markdown",
   "metadata": {},
   "source": [
    "#### **About My Dataset** \n",
    "\n",
    "+500 rows and 30 columns.\n",
    "Columns' description are listed below.\n",
    "\n",
    "Rk : Rank\n",
    "\n",
    "Player : Player's name\n",
    "\n",
    "Pos : Position\n",
    "\n",
    "Age : Player's age\n",
    "\n",
    "Tm : Team\n",
    "\n",
    "G : Games played\n",
    "\n",
    "GS : Games started\n",
    "\n",
    "MP : Minutes played per game\n",
    "\n",
    "FG : Field goals per game\n",
    "\n",
    "FGA : Field goal attempts per game\n",
    "\n",
    "FG% : Field goal percentage\n",
    "\n",
    "3P : 3-point field goals per game\n",
    "\n",
    "3PA : 3-point field goal attempts per game\n",
    "\n",
    "3P% : 3-point field goal percentage\n",
    "\n",
    "2P : 2-point field goals per game\n",
    "\n",
    "2PA : 2-point field goal attempts per game\n",
    "\n",
    "2P% : 2-point field goal percentage\n",
    "\n",
    "eFG% : Effective field goal percentage\n",
    "\n",
    "FT : Free throws per game\n",
    "\n",
    "FTA : Free throw attempts per game\n",
    "\n",
    "FT% : Free throw percentage\n",
    "\n",
    "ORB : Offensive rebounds per game\n",
    "\n",
    "DRB : Defensive rebounds per game\n",
    "\n",
    "TRB : Total rebounds per game\n",
    "\n",
    "AST : Assists per game\n",
    "\n",
    "STL : Steals per game\n",
    "\n",
    "BLK : Blocks per game\n",
    "\n",
    "TOV : Turnovers per game\n",
    "\n",
    "PF : Personal fouls per game\n",
    "\n",
    "PTS : Points per game"
   ]
  },
  {
   "cell_type": "code",
   "execution_count": 3,
   "metadata": {},
   "outputs": [
    {
     "data": {
      "text/html": [
       "<div>\n",
       "<style scoped>\n",
       "    .dataframe tbody tr th:only-of-type {\n",
       "        vertical-align: middle;\n",
       "    }\n",
       "\n",
       "    .dataframe tbody tr th {\n",
       "        vertical-align: top;\n",
       "    }\n",
       "\n",
       "    .dataframe thead th {\n",
       "        text-align: right;\n",
       "    }\n",
       "</style>\n",
       "<table border=\"1\" class=\"dataframe\">\n",
       "  <thead>\n",
       "    <tr style=\"text-align: right;\">\n",
       "      <th></th>\n",
       "      <th>Age</th>\n",
       "      <th>G</th>\n",
       "      <th>MP</th>\n",
       "      <th>FG%</th>\n",
       "      <th>3P%</th>\n",
       "      <th>2P%</th>\n",
       "      <th>eFG%</th>\n",
       "      <th>ORB</th>\n",
       "      <th>DRB</th>\n",
       "      <th>TRB</th>\n",
       "      <th>AST</th>\n",
       "      <th>STL</th>\n",
       "      <th>BLK</th>\n",
       "      <th>TOV</th>\n",
       "      <th>PF</th>\n",
       "      <th>PTS</th>\n",
       "    </tr>\n",
       "  </thead>\n",
       "  <tbody>\n",
       "    <tr>\n",
       "      <th>0</th>\n",
       "      <td>24</td>\n",
       "      <td>74</td>\n",
       "      <td>21.9</td>\n",
       "      <td>0.501</td>\n",
       "      <td>0.268</td>\n",
       "      <td>0.562</td>\n",
       "      <td>0.529</td>\n",
       "      <td>2.6</td>\n",
       "      <td>4.0</td>\n",
       "      <td>6.6</td>\n",
       "      <td>1.3</td>\n",
       "      <td>0.6</td>\n",
       "      <td>0.9</td>\n",
       "      <td>1.1</td>\n",
       "      <td>1.9</td>\n",
       "      <td>7.6</td>\n",
       "    </tr>\n",
       "    <tr>\n",
       "      <th>3</th>\n",
       "      <td>26</td>\n",
       "      <td>71</td>\n",
       "      <td>34.0</td>\n",
       "      <td>0.521</td>\n",
       "      <td>0.357</td>\n",
       "      <td>0.528</td>\n",
       "      <td>0.529</td>\n",
       "      <td>2.2</td>\n",
       "      <td>8.1</td>\n",
       "      <td>10.4</td>\n",
       "      <td>3.9</td>\n",
       "      <td>1.1</td>\n",
       "      <td>0.9</td>\n",
       "      <td>2.3</td>\n",
       "      <td>2.2</td>\n",
       "      <td>19.3</td>\n",
       "    </tr>\n",
       "    <tr>\n",
       "      <th>4</th>\n",
       "      <td>23</td>\n",
       "      <td>78</td>\n",
       "      <td>21.0</td>\n",
       "      <td>0.411</td>\n",
       "      <td>0.294</td>\n",
       "      <td>0.523</td>\n",
       "      <td>0.483</td>\n",
       "      <td>0.9</td>\n",
       "      <td>1.8</td>\n",
       "      <td>2.8</td>\n",
       "      <td>1.1</td>\n",
       "      <td>0.6</td>\n",
       "      <td>0.6</td>\n",
       "      <td>0.8</td>\n",
       "      <td>1.5</td>\n",
       "      <td>5.8</td>\n",
       "    </tr>\n",
       "    <tr>\n",
       "      <th>7</th>\n",
       "      <td>23</td>\n",
       "      <td>61</td>\n",
       "      <td>26.5</td>\n",
       "      <td>0.435</td>\n",
       "      <td>0.349</td>\n",
       "      <td>0.534</td>\n",
       "      <td>0.528</td>\n",
       "      <td>1.2</td>\n",
       "      <td>4.6</td>\n",
       "      <td>5.8</td>\n",
       "      <td>2.3</td>\n",
       "      <td>0.7</td>\n",
       "      <td>0.9</td>\n",
       "      <td>1.1</td>\n",
       "      <td>1.5</td>\n",
       "      <td>10.7</td>\n",
       "    </tr>\n",
       "    <tr>\n",
       "      <th>8</th>\n",
       "      <td>25</td>\n",
       "      <td>82</td>\n",
       "      <td>23.4</td>\n",
       "      <td>0.439</td>\n",
       "      <td>0.391</td>\n",
       "      <td>0.517</td>\n",
       "      <td>0.560</td>\n",
       "      <td>0.4</td>\n",
       "      <td>1.6</td>\n",
       "      <td>2.0</td>\n",
       "      <td>2.5</td>\n",
       "      <td>0.8</td>\n",
       "      <td>0.5</td>\n",
       "      <td>0.9</td>\n",
       "      <td>1.7</td>\n",
       "      <td>8.0</td>\n",
       "    </tr>\n",
       "    <tr>\n",
       "      <th>...</th>\n",
       "      <td>...</td>\n",
       "      <td>...</td>\n",
       "      <td>...</td>\n",
       "      <td>...</td>\n",
       "      <td>...</td>\n",
       "      <td>...</td>\n",
       "      <td>...</td>\n",
       "      <td>...</td>\n",
       "      <td>...</td>\n",
       "      <td>...</td>\n",
       "      <td>...</td>\n",
       "      <td>...</td>\n",
       "      <td>...</td>\n",
       "      <td>...</td>\n",
       "      <td>...</td>\n",
       "      <td>...</td>\n",
       "    </tr>\n",
       "    <tr>\n",
       "      <th>728</th>\n",
       "      <td>35</td>\n",
       "      <td>33</td>\n",
       "      <td>13.3</td>\n",
       "      <td>0.602</td>\n",
       "      <td>0.143</td>\n",
       "      <td>0.634</td>\n",
       "      <td>0.606</td>\n",
       "      <td>1.4</td>\n",
       "      <td>1.7</td>\n",
       "      <td>3.1</td>\n",
       "      <td>1.7</td>\n",
       "      <td>0.7</td>\n",
       "      <td>0.2</td>\n",
       "      <td>0.5</td>\n",
       "      <td>1.5</td>\n",
       "      <td>4.2</td>\n",
       "    </tr>\n",
       "    <tr>\n",
       "      <th>731</th>\n",
       "      <td>25</td>\n",
       "      <td>54</td>\n",
       "      <td>36.0</td>\n",
       "      <td>0.430</td>\n",
       "      <td>0.373</td>\n",
       "      <td>0.479</td>\n",
       "      <td>0.516</td>\n",
       "      <td>0.4</td>\n",
       "      <td>2.3</td>\n",
       "      <td>2.8</td>\n",
       "      <td>10.8</td>\n",
       "      <td>1.3</td>\n",
       "      <td>0.2</td>\n",
       "      <td>4.4</td>\n",
       "      <td>2.0</td>\n",
       "      <td>25.7</td>\n",
       "    </tr>\n",
       "    <tr>\n",
       "      <th>732</th>\n",
       "      <td>25</td>\n",
       "      <td>48</td>\n",
       "      <td>11.4</td>\n",
       "      <td>0.538</td>\n",
       "      <td>0.208</td>\n",
       "      <td>0.588</td>\n",
       "      <td>0.552</td>\n",
       "      <td>1.5</td>\n",
       "      <td>2.8</td>\n",
       "      <td>4.3</td>\n",
       "      <td>0.6</td>\n",
       "      <td>0.2</td>\n",
       "      <td>0.4</td>\n",
       "      <td>0.8</td>\n",
       "      <td>1.1</td>\n",
       "      <td>4.6</td>\n",
       "    </tr>\n",
       "    <tr>\n",
       "      <th>733</th>\n",
       "      <td>31</td>\n",
       "      <td>43</td>\n",
       "      <td>7.4</td>\n",
       "      <td>0.419</td>\n",
       "      <td>0.333</td>\n",
       "      <td>0.424</td>\n",
       "      <td>0.427</td>\n",
       "      <td>1.1</td>\n",
       "      <td>1.5</td>\n",
       "      <td>2.6</td>\n",
       "      <td>0.9</td>\n",
       "      <td>0.2</td>\n",
       "      <td>0.1</td>\n",
       "      <td>0.4</td>\n",
       "      <td>1.0</td>\n",
       "      <td>1.8</td>\n",
       "    </tr>\n",
       "    <tr>\n",
       "      <th>734</th>\n",
       "      <td>26</td>\n",
       "      <td>68</td>\n",
       "      <td>26.4</td>\n",
       "      <td>0.649</td>\n",
       "      <td>0.000</td>\n",
       "      <td>0.649</td>\n",
       "      <td>0.649</td>\n",
       "      <td>2.9</td>\n",
       "      <td>6.3</td>\n",
       "      <td>9.2</td>\n",
       "      <td>1.4</td>\n",
       "      <td>0.3</td>\n",
       "      <td>1.2</td>\n",
       "      <td>1.2</td>\n",
       "      <td>2.6</td>\n",
       "      <td>11.7</td>\n",
       "    </tr>\n",
       "  </tbody>\n",
       "</table>\n",
       "<p>572 rows × 16 columns</p>\n",
       "</div>"
      ],
      "text/plain": [
       "     Age   G    MP    FG%    3P%    2P%   eFG%  ORB  DRB   TRB   AST  STL  \\\n",
       "0     24  74  21.9  0.501  0.268  0.562  0.529  2.6  4.0   6.6   1.3  0.6   \n",
       "3     26  71  34.0  0.521  0.357  0.528  0.529  2.2  8.1  10.4   3.9  1.1   \n",
       "4     23  78  21.0  0.411  0.294  0.523  0.483  0.9  1.8   2.8   1.1  0.6   \n",
       "7     23  61  26.5  0.435  0.349  0.534  0.528  1.2  4.6   5.8   2.3  0.7   \n",
       "8     25  82  23.4  0.439  0.391  0.517  0.560  0.4  1.6   2.0   2.5  0.8   \n",
       "..   ...  ..   ...    ...    ...    ...    ...  ...  ...   ...   ...  ...   \n",
       "728   35  33  13.3  0.602  0.143  0.634  0.606  1.4  1.7   3.1   1.7  0.7   \n",
       "731   25  54  36.0  0.430  0.373  0.479  0.516  0.4  2.3   2.8  10.8  1.3   \n",
       "732   25  48  11.4  0.538  0.208  0.588  0.552  1.5  2.8   4.3   0.6  0.2   \n",
       "733   31  43   7.4  0.419  0.333  0.424  0.427  1.1  1.5   2.6   0.9  0.2   \n",
       "734   26  68  26.4  0.649  0.000  0.649  0.649  2.9  6.3   9.2   1.4  0.3   \n",
       "\n",
       "     BLK  TOV   PF   PTS  \n",
       "0    0.9  1.1  1.9   7.6  \n",
       "3    0.9  2.3  2.2  19.3  \n",
       "4    0.6  0.8  1.5   5.8  \n",
       "7    0.9  1.1  1.5  10.7  \n",
       "8    0.5  0.9  1.7   8.0  \n",
       "..   ...  ...  ...   ...  \n",
       "728  0.2  0.5  1.5   4.2  \n",
       "731  0.2  4.4  2.0  25.7  \n",
       "732  0.4  0.8  1.1   4.6  \n",
       "733  0.1  0.4  1.0   1.8  \n",
       "734  1.2  1.2  2.6  11.7  \n",
       "\n",
       "[572 rows x 16 columns]"
      ]
     },
     "metadata": {},
     "output_type": "display_data"
    }
   ],
   "source": [
    "# cleaning up my data\n",
    "\n",
    "# removing duplicate players (if they got traded to another team, they would show up twice)\n",
    "data = data.drop_duplicates(\"Player\")\n",
    "# 572 x 30 dataset\n",
    "\n",
    "# drop all rows with NaN values\n",
    "data = data.dropna()\n",
    "# there were no NaN values, so size remains the samne\n",
    "\n",
    "# now, I am removing columns that I am not interested in (not needed for this analysis)\n",
    "data = data.drop(data.columns[[0, 1, 2, 4, 6, 8, 9, 11, 12, 14, 15, 18, 19, 20]], axis=1)\n",
    "# 572 x 18 dataset\n",
    "\n",
    "display(data)\n"
   ]
  },
  {
   "cell_type": "markdown",
   "metadata": {},
   "source": [
    "#### **2. Constructing your data matrix.**\n",
    "\n",
    "Below, I calculate the mean vector, covariance matrix, and correlation matrix. As mentioned above, the mean vector represents the \"average\" NBA player from the 2023-2024 season across all 16 features. \n",
    "\n",
    "The covariance matrix shows how two variables/features vary together. A positive covariance indicates that the two variables tend to increase or decrease together (proportional relationship), while a negative covariance suggests an inverse relationship (one increases as the other decreases). If the covariance is close to zero, it means there is little to no linear relationship between the two features. The correlation matrix is just a standardized version of the covariance matrix, making the relationships easier to interpret. \n",
    "\n",
    "That being said, this means that if the covariance matrix and the correlation matrix look very different, this is a strong indicator that we should standardize our data, as the variables are on different scales. When looking at `cov_matrix` vs. `correlation_matrix`, we see that these matrices are extremely different, therefore indicating that we should standardize our data. This makes sense, because we have data on many different scales (for example: points per game vs. shooting percentages). When we standardize the data, we ensure that all variables have equal contributions when performing principal component analysis, as PCA relies on the variation of the data to determine the principal components. Therefore, if we did not standardize, the principal components would be dominated by the feautures that have a larger magnitude of variation.  "
   ]
  },
  {
   "cell_type": "code",
   "execution_count": 4,
   "metadata": {},
   "outputs": [
    {
     "name": "stdout",
     "output_type": "stream",
     "text": [
      "[[24.  74.  21.9 ...  1.1  1.9  7.6]\n",
      " [26.  71.  34.  ...  2.3  2.2 19.3]\n",
      " [23.  78.  21.  ...  0.8  1.5  5.8]\n",
      " ...\n",
      " [25.  48.  11.4 ...  0.8  1.1  4.6]\n",
      " [31.  43.   7.4 ...  0.4  1.   1.8]\n",
      " [26.  68.  26.4 ...  1.2  2.6 11.7]]\n",
      "(572, 16)\n"
     ]
    }
   ],
   "source": [
    "# converting my dataset into a matrix\n",
    "# row: player\n",
    "# column: unique variables for each player/row\n",
    "\n",
    "A = data.to_numpy() \n",
    "print(A)\n",
    "print(A.shape)"
   ]
  },
  {
   "cell_type": "markdown",
   "metadata": {},
   "source": [
    "#### **Mean Vector, Covariance Matrix, and Correlation Matrix**"
   ]
  },
  {
   "cell_type": "code",
   "execution_count": 5,
   "metadata": {},
   "outputs": [
    {
     "name": "stdout",
     "output_type": "stream",
     "text": [
      "Mean Vector:\n",
      " [25.74300699 46.15384615 18.6506993   0.44958392  0.29948077  0.51967483\n",
      "  0.51649825  0.85769231  2.5229021   3.37307692  2.0013986   0.59125874\n",
      "  0.4027972   0.98461538  1.49090909  8.42325175]\n",
      "\n",
      "Covariance Matrix:\n",
      " [[ 1.78515272e+01  1.85702546e+01  6.84212399e+00  1.98333374e-02\n",
      "   5.61062576e-02 -4.72994869e-03  4.16729300e-02  1.01239391e-02\n",
      "   8.86981801e-01  8.94119628e-01  1.44764552e+00  2.15613021e-01\n",
      "   3.69723097e-02  2.62764381e-01  2.71389906e-01  3.39933101e+00]\n",
      " [ 1.85702546e+01  6.52084871e+02  1.77454358e+02  1.00908689e+00\n",
      "   1.37325515e+00  9.35782164e-01  1.25733127e+00  6.01597737e+00\n",
      "   2.55236158e+01  3.15150074e+01  2.23148457e+01  4.83374646e+00\n",
      "   3.63266873e+00  1.01134043e+01  1.18807356e+01  1.02654385e+02]\n",
      " [ 6.84212399e+00  1.77454358e+02  9.81470923e+01  3.29542673e-01\n",
      "   4.71693446e-01  2.75185166e-01  3.97839318e-01  3.15502088e+00\n",
      "   1.41250890e+01  1.72626283e+01  1.38910673e+01  2.96969089e+00\n",
      "   1.88999804e+00  6.42824195e+00  6.08436714e+00  6.00340555e+01]\n",
      " [ 1.98333374e-02  1.00908689e+00  3.29542673e-01  1.28498266e-02\n",
      "   1.74827745e-03  1.28690466e-02  1.22305947e-02  4.08513674e-02\n",
      "   8.71584075e-02  1.28013472e-01  3.07475182e-02  9.02280137e-03\n",
      "   1.93622868e-02  2.16723966e-02  3.46799236e-02  2.18585173e-01]\n",
      " [ 5.61062576e-02  1.37325515e+00  4.71693446e-01  1.74827745e-03\n",
      "   2.23378157e-02  6.20186380e-04  6.33773727e-03 -1.84740199e-02\n",
      "   2.69246969e-02  8.20561094e-03  7.42241951e-02  1.52908999e-02\n",
      "  -1.25861512e-03  2.37399838e-02  1.65513135e-02  3.03472164e-01]\n",
      " [-4.72994869e-03  9.35782164e-01  2.75185166e-01  1.28690466e-02\n",
      "   6.20186380e-04  1.90154492e-02  1.26522814e-02  2.95462886e-02\n",
      "   6.91002798e-02  9.85968342e-02  1.72533453e-02  7.48717010e-03\n",
      "   1.60145714e-02  1.56464772e-02  2.89401210e-02  1.72462215e-01]\n",
      " [ 4.16729300e-02  1.25733127e+00  3.97839318e-01  1.22305947e-02\n",
      "   6.33773727e-03  1.26522814e-02  1.36888494e-02  2.77050047e-02\n",
      "   7.64787616e-02  1.04072632e-01  3.65530672e-02  1.09449934e-02\n",
      "   1.56066599e-02  2.04484844e-02  3.40470944e-02  2.44008885e-01]\n",
      " [ 1.01239391e-02  6.01597737e+00  3.15502088e+00  4.08513674e-02\n",
      "  -1.84740199e-02  2.95462886e-02  2.77050047e-02  5.56805874e-01\n",
      "   9.88746464e-01  1.54402533e+00  1.93807086e-01  9.57591270e-02\n",
      "   2.03078270e-01  1.99453051e-01  3.31471103e-01  1.71755288e+00]\n",
      " [ 8.86981801e-01  2.55236158e+01  1.41250890e+01  8.71584075e-02\n",
      "   2.69246969e-02  6.91002798e-02  7.64787616e-02  9.88746464e-01\n",
      "   3.35511380e+00  4.34063519e+00  1.85688560e+00  3.93703171e-01\n",
      "   4.99585563e-01  1.02942476e+00  1.02416653e+00  9.23902873e+00]\n",
      " [ 8.94119628e-01  3.15150074e+01  1.72626283e+01  1.28013472e-01\n",
      "   8.20561094e-03  9.85968342e-02  1.04072632e-01  1.54402533e+00\n",
      "   4.34063519e+00  5.88239122e+00  2.04930217e+00  4.89711707e-01\n",
      "   7.01791728e-01  1.23030311e+00  1.35551664e+00  1.09529038e+01]\n",
      " [ 1.44764552e+00  2.23148457e+01  1.38910673e+01  3.07475182e-02\n",
      "   7.42241951e-02  1.72533453e-02  3.65530672e-02  1.93807086e-01\n",
      "   1.85688560e+00  2.04930217e+00  3.50966529e+00  4.88068289e-01\n",
      "   1.47474190e-01  1.25770982e+00  7.17858621e-01  9.93905674e+00]\n",
      " [ 2.15613021e-01  4.83374646e+00  2.96969089e+00  9.02280137e-03\n",
      "   1.52908999e-02  7.48717010e-03  1.09449934e-02  9.57591270e-02\n",
      "   3.93703171e-01  4.89711707e-01  4.88068289e-01  1.52182651e-01\n",
      "   5.76076813e-02  2.05136737e-01  1.93387996e-01  1.79836473e+00]\n",
      " [ 3.69723097e-02  3.63266873e+00  1.88999804e+00  1.93622868e-02\n",
      "  -1.25861512e-03  1.60145714e-02  1.56066599e-02  2.03078270e-01\n",
      "   4.99585563e-01  7.01791728e-01  1.47474190e-01  5.76076813e-02\n",
      "   1.70745227e-01  1.24614037e-01  1.78554370e-01  1.12998739e+00]\n",
      " [ 2.62764381e-01  1.01134043e+01  6.42824195e+00  2.16723966e-02\n",
      "   2.37399838e-02  1.56464772e-02  2.04484844e-02  1.99453051e-01\n",
      "   1.02942476e+00  1.23030311e+00  1.25770982e+00  2.05136737e-01\n",
      "   1.24614037e-01  6.33318065e-01  4.14133100e-01  4.74804661e+00]\n",
      " [ 2.71389906e-01  1.18807356e+01  6.08436714e+00  3.46799236e-02\n",
      "   1.65513135e-02  2.89401210e-02  3.40470944e-02  3.31471103e-01\n",
      "   1.02416653e+00  1.35551664e+00  7.17858621e-01  1.93387996e-01\n",
      "   1.78554370e-01  4.14133100e-01  6.19707053e-01  3.44054450e+00]\n",
      " [ 3.39933101e+00  1.02654385e+02  6.00340555e+01  2.18585173e-01\n",
      "   3.03472164e-01  1.72462215e-01  2.44008885e-01  1.71755288e+00\n",
      "   9.23902873e+00  1.09529038e+01  9.93905674e+00  1.79836473e+00\n",
      "   1.12998739e+00  4.74804661e+00  3.44054450e+00  4.61232588e+01]]\n",
      "\n",
      "Correlation Matrix:\n",
      " [[ 1.          0.17211872  0.16346114  0.04141041  0.08884915 -0.00811831\n",
      "   0.08430103  0.00321115  0.11461023  0.08725312  0.18289073  0.13081415\n",
      "   0.02117701  0.078148    0.08159486  0.11846656]\n",
      " [ 0.17211872  1.          0.70144866  0.34860039  0.35981463  0.26574763\n",
      "   0.42083726  0.3157201   0.54567808  0.50884838  0.46645417  0.48523178\n",
      "   0.34427021  0.49766187  0.59101438  0.59192332]\n",
      " [ 0.16346114  0.70144866  1.          0.29344337  0.31856699  0.20143411\n",
      "   0.34323021  0.42678743  0.77839287  0.71844123  0.74845216  0.7684046\n",
      "   0.46168775  0.81534715  0.78015963  0.89227551]\n",
      " [ 0.04141041  0.34860039  0.29344337  1.          0.10319089  0.82327409\n",
      "   0.92217951  0.48295433  0.41976577  0.46561835  0.14478667  0.20403759\n",
      "   0.41336503  0.24024113  0.38862996  0.28393052]\n",
      " [ 0.08884915  0.35981463  0.31856699  0.10319089  1.          0.03009183\n",
      "   0.36243523 -0.16564913  0.09835056  0.02263673  0.26508936  0.26225883\n",
      "  -0.02037972  0.19959476  0.14067564  0.29897751]\n",
      " [-0.00811831  0.26574763  0.20143411  0.82327409  0.03009183  1.\n",
      "   0.78420946  0.28714267  0.27357278  0.29480356  0.06678627  0.1391816\n",
      "   0.28105269  0.14257794  0.26659612  0.18415379]\n",
      " [ 0.08430103  0.42083726  0.34323021  0.92217951  0.36243523  0.78420946\n",
      "   1.          0.31733856  0.35686483  0.36675506  0.166766    0.23980016\n",
      "   0.32281389  0.21961738  0.36966077  0.30708753]\n",
      " [ 0.00321115  0.3157201   0.42678743  0.48295433 -0.16564913  0.28714267\n",
      "   0.31733856  1.          0.72340151  0.85315033  0.13863883  0.32896198\n",
      "   0.65862357  0.33587513  0.56428766  0.3389208 ]\n",
      " [ 0.11461023  0.54567808  0.77839287  0.41976577  0.09835056  0.27357278\n",
      "   0.35686483  0.72340151  1.          0.97706331  0.54112634  0.55097604\n",
      "   0.6600578   0.70620379  0.71027043  0.74269876]\n",
      " [ 0.08725312  0.50884838  0.71844123  0.46561835  0.02263673  0.29480356\n",
      "   0.36675506  0.85315033  0.97706331  1.          0.45102041  0.51758414\n",
      "   0.70025627  0.63741787  0.70996131  0.66495511]\n",
      " [ 0.18289073  0.46645417  0.74845216  0.14478667  0.26508936  0.06678627\n",
      "   0.166766    0.13863883  0.54112634  0.45102041  1.          0.66782884\n",
      "   0.1905061   0.84360018  0.48675772  0.78118218]\n",
      " [ 0.13081415  0.48523178  0.7684046   0.20403759  0.26225883  0.1391816\n",
      "   0.23980016  0.32896198  0.55097604  0.51758414  0.66782884  1.\n",
      "   0.35737448  0.66076942  0.62972904  0.67878965]\n",
      " [ 0.02117701  0.34427021  0.46168775  0.41336503 -0.02037972  0.28105269\n",
      "   0.32281389  0.65862357  0.6600578   0.70025627  0.1905061   0.35737448\n",
      "   1.          0.37894985  0.54891232  0.40266077]\n",
      " [ 0.078148    0.49766187  0.81534715  0.24024113  0.19959476  0.14257794\n",
      "   0.21961738  0.33587513  0.70620379  0.63741787  0.84360018  0.66076942\n",
      "   0.37894985  1.          0.66105225  0.87850461]\n",
      " [ 0.08159486  0.59101438  0.78015963  0.38862996  0.14067564  0.26659612\n",
      "   0.36966077  0.56428766  0.71027043  0.70996131  0.48675772  0.62972904\n",
      "   0.54891232  0.66105225  1.          0.64353766]\n",
      " [ 0.11846656  0.59192332  0.89227551  0.28393052  0.29897751  0.18415379\n",
      "   0.30708753  0.3389208   0.74269876  0.66495511  0.78118218  0.67878965\n",
      "   0.40266077  0.87850461  0.64353766  1.        ]]\n"
     ]
    }
   ],
   "source": [
    "# mean vector\n",
    "mean_vector = A.mean(axis=0)\n",
    "\n",
    "# centre data (subtract mean from each column)\n",
    "A_cent = A - mean_vector\n",
    "\n",
    "# covariance matrix\n",
    "n = A.shape[0]  # Number of observations (rows)\n",
    "cov_matrix = (1 / (n - 1)) * np.matmul(np.transpose(A_cent), A_cent)\n",
    "\n",
    "# correlation matrix\n",
    "std_dev = np.std(A, axis=0, ddof=1)  # Standard deviation of each column\n",
    "correlation_matrix = cov_matrix / np.outer(std_dev, std_dev)\n",
    "\n",
    "# print results\n",
    "print(\"Mean Vector:\\n\", mean_vector)\n",
    "print(\"\\nCovariance Matrix:\\n\", cov_matrix)\n",
    "print(\"\\nCorrelation Matrix:\\n\", correlation_matrix)\n"
   ]
  },
  {
   "cell_type": "markdown",
   "metadata": {},
   "source": [
    "#### **3. Perform principal component analysis on your data matrix.**\n",
    "\n",
    "- List the first three principal components and the associated principal values\n",
    "- How do these vectors and scalars relate to your matrix in part 2?\n",
    "- Discuss your findings/interpret your principal components\n",
    "- Can you use PCA for your dataset to perform dimension reduction? What is the resulting dimension of your data?"
   ]
  },
  {
   "cell_type": "code",
   "execution_count": 6,
   "metadata": {},
   "outputs": [
    {
     "name": "stdout",
     "output_type": "stream",
     "text": [
      "\n",
      "PCA:\n"
     ]
    },
    {
     "data": {
      "text/html": [
       "<div>\n",
       "<style scoped>\n",
       "    .dataframe tbody tr th:only-of-type {\n",
       "        vertical-align: middle;\n",
       "    }\n",
       "\n",
       "    .dataframe tbody tr th {\n",
       "        vertical-align: top;\n",
       "    }\n",
       "\n",
       "    .dataframe thead th {\n",
       "        text-align: right;\n",
       "    }\n",
       "</style>\n",
       "<table border=\"1\" class=\"dataframe\">\n",
       "  <thead>\n",
       "    <tr style=\"text-align: right;\">\n",
       "      <th></th>\n",
       "      <th>Principal Component</th>\n",
